Connor
170
40
130
2150000
9618000
1000000
Isabelle
5
0
5
32000
64000
1150000
Ann-Marie
1
0
1
0
1000
1050000
Jenna
7
6
1
4000
2100
1050000
Rai
21
1
20
2000000
2452000
1000000
Dan
1
0
1
0
0
1050000
Felix
6
1
5
1050000
1084000
1000000
Awai
3
0
3
32000
33000
1150000
Caitlyn
1
0
1
0
0
1050000
Dunovan
14
0
14
32000
100000
1800000
Ethan
4
0
4
1000
3000
1200000
Patty
2
0
2
32000
32000
1100000
Bill
2
0
2
1000
1000
1100000
Katie
2
0
2
1000
2000
1100000
Claire
2
0
2
32000
32000
1100000
Sophia
2
0
2
1000
2000
1100000
Maggie
1
0
1
1000
1000
1050000
Noot
2
0
2
1000
1000
1100000
Quinton
7
1
6
1300000
1430000
1000000
Adam
1
0
1
1000
1000
1050000
